[[[303 224]]

 [[302 225]]

 [[302 226]]

 [[302 227]]

 [[302 228]]

 [[302 229]]

 [[302 230]]

 [[302 231]]

 [[303 231]]

 [[304 232]]

 [[305 232]]

 [[306 232]]

 [[307 232]]

 [[308 232]]

 [[309 232]]

 [[310 232]]

 [[311 232]]

 [[312 232]]

 [[313 232]]

 [[314 233]]

 [[314 234]]

 [[314 233]]

 [[315 232]]

 [[316 233]]

 [[317 232]]

 [[318 232]]

 [[319 232]]

 [[320 232]]

 [[321 232]]

 [[322 232]]

 [[323 232]]

 [[324 232]]

 [[325 232]]

 [[326 233]]

 [[326 234]]

 [[327 234]]

 [[328 234]]

 [[328 233]]

 [[329 232]]

 [[330 232]]

 [[331 232]]

 [[332 232]]

 [[332 231]]

 [[332 230]]

 [[332 229]]

 [[333 228]]

 [[333 227]]

 [[333 226]]

 [[332 226]]

 [[331 226]]

 [[330 226]]

 [[329 226]]

 [[328 226]]

 [[327 226]]

 [[326 226]]

 [[325 226]]

 [[324 226]]

 [[323 226]]

 [[322 226]]

 [[321 225]]

 [[320 225]]

 [[319 226]]

 [[318 226]]

 [[317 226]]

 [[316 226]]

 [[315 226]]

 [[314 226]]

 [[313 226]]

 [[312 226]]

 [[311 226]]

 [[310 226]]

 [[309 226]]

 [[308 225]]

 [[308 224]]

 [[307 224]]

 [[306 224]]

 [[305 224]]

 [[304 224]]]
[[[ 72 224]]

 [[ 72 225]]

 [[ 72 226]]

 [[ 72 227]]

 [[ 72 228]]

 [[ 72 229]]

 [[ 72 230]]

 [[ 73 231]]

 [[ 74 232]]

 [[ 75 232]]

 [[ 76 232]]

 [[ 77 232]]

 [[ 78 231]]

 [[ 79 231]]

 [[ 80 231]]

 [[ 81 231]]

 [[ 82 231]]

 [[ 83 231]]

 [[ 84 231]]

 [[ 85 231]]

 [[ 86 231]]

 [[ 87 230]]

 [[ 88 231]]

 [[ 89 231]]

 [[ 90 231]]

 [[ 91 231]]

 [[ 92 231]]

 [[ 93 232]]

 [[ 94 232]]

 [[ 95 232]]

 [[ 96 232]]

 [[ 97 232]]

 [[ 98 231]]

 [[ 99 231]]

 [[ 99 230]]

 [[ 99 229]]

 [[100 228]]

 [[101 228]]

 [[102 228]]

 [[103 229]]

 [[102 230]]

 [[102 231]]

 [[102 232]]

 [[103 232]]

 [[104 232]]

 [[105 231]]

 [[106 231]]

 [[107 231]]

 [[108 231]]

 [[109 231]]

 [[110 232]]

 [[111 233]]

 [[112 234]]

 [[113 234]]

 [[114 234]]

 [[115 233]]

 [[115 232]]

 [[115 231]]

 [[115 230]]

 [[116 229]]

 [[116 228]]

 [[116 227]]

 [[115 226]]

 [[114 227]]

 [[113 226]]

 [[112 226]]

 [[111 225]]

 [[111 224]]

 [[110 225]]

 [[109 225]]

 [[108 224]]

 [[107 224]]

 [[106 224]]

 [[106 225]]

 [[106 226]]

 [[106 227]]

 [[105 228]]

 [[104 227]]

 [[104 226]]

 [[103 226]]

 [[102 226]]

 [[101 226]]

 [[100 226]]

 [[ 99 226]]

 [[ 98 226]]

 [[ 97 226]]

 [[ 96 226]]

 [[ 95 226]]

 [[ 94 226]]

 [[ 93 226]]

 [[ 92 226]]

 [[ 91 227]]

 [[ 90 227]]

 [[ 89 227]]

 [[ 88 226]]

 [[ 87 225]]

 [[ 86 224]]

 [[ 85 224]]

 [[ 85 225]]

 [[ 84 226]]

 [[ 83 226]]

 [[ 82 226]]

 [[ 81 226]]

 [[ 80 226]]

 [[ 79 226]]

 [[ 78 225]]

 [[ 77 225]]

 [[ 76 226]]

 [[ 76 227]]

 [[ 76 228]]

 [[ 76 229]]

 [[ 75 230]]

 [[ 74 229]]

 [[ 74 228]]

 [[ 74 227]]

 [[ 74 226]]

 [[ 74 225]]

 [[ 74 224]]

 [[ 73 224]]]
[[[303 210]]

 [[302 211]]

 [[301 211]]

 [[300 211]]

 [[299 211]]

 [[299 212]]

 [[298 213]]

 [[297 213]]

 [[296 213]]

 [[295 213]]

 [[294 213]]

 [[293 214]]

 [[292 215]]

 [[291 216]]

 [[291 217]]

 [[290 218]]

 [[289 219]]

 [[288 220]]

 [[287 220]]

 [[286 220]]

 [[285 221]]

 [[284 221]]

 [[283 221]]

 [[282 221]]

 [[281 221]]

 [[280 221]]

 [[279 221]]

 [[280 222]]

 [[279 223]]

 [[278 224]]

 [[278 225]]

 [[277 226]]

 [[276 226]]

 [[275 226]]

 [[274 226]]

 [[273 225]]

 [[273 224]]

 [[272 224]]

 [[271 224]]

 [[270 225]]

 [[269 226]]

 [[268 225]]

 [[268 224]]

 [[267 224]]

 [[266 224]]

 [[266 225]]

 [[265 226]]

 [[264 226]]

 [[263 226]]

 [[262 227]]

 [[261 226]]

 [[260 225]]

 [[260 224]]

 [[259 224]]

 [[258 224]]

 [[258 225]]

 [[257 226]]

 [[257 227]]

 [[256 228]]

 [[256 229]]

 [[255 230]]

 [[254 229]]

 [[253 228]]

 [[252 227]]

 [[252 226]]

 [[252 225]]

 [[252 224]]

 [[251 224]]

 [[250 224]]

 [[249 224]]

 [[248 225]]

 [[248 226]]

 [[248 227]]

 [[247 228]]

 [[246 227]]

 [[246 226]]

 [[246 225]]

 [[246 224]]

 [[245 224]]

 [[244 224]]

 [[244 225]]

 [[243 226]]

 [[242 225]]

 [[241 224]]

 [[240 224]]

 [[239 224]]

 [[238 224]]

 [[237 225]]

 [[236 224]]

 [[235 224]]

 [[234 224]]

 [[233 224]]

 [[232 224]]

 [[231 224]]

 [[230 224]]

 [[229 224]]

 [[228 224]]

 [[227 225]]

 [[226 225]]

 [[225 225]]

 [[224 225]]

 [[224 226]]

 [[223 227]]

 [[222 227]]

 [[221 226]]

 [[221 225]]

 [[220 225]]

 [[219 224]]

 [[218 224]]

 [[217 224]]

 [[216 224]]

 [[215 224]]

 [[215 225]]

 [[214 226]]

 [[213 226]]

 [[212 227]]

 [[211 226]]

 [[211 225]]

 [[210 225]]

 [[210 226]]

 [[210 227]]

 [[211 228]]

 [[211 229]]

 [[212 229]]

 [[213 230]]

 [[214 230]]

 [[215 231]]

 [[216 232]]

 [[217 232]]

 [[218 232]]

 [[218 231]]

 [[218 230]]

 [[219 229]]

 [[220 228]]

 [[221 229]]

 [[221 230]]

 [[222 231]]

 [[223 231]]

 [[224 230]]

 [[225 229]]

 [[226 230]]

 [[227 231]]

 [[228 232]]

 [[229 232]]

 [[230 232]]

 [[231 232]]

 [[232 232]]

 [[233 232]]

 [[234 232]]

 [[235 232]]

 [[236 232]]

 [[237 232]]

 [[238 232]]

 [[239 232]]

 [[240 232]]

 [[241 232]]

 [[242 231]]

 [[242 230]]

 [[243 229]]

 [[244 230]]

 [[245 231]]

 [[245 232]]

 [[246 232]]

 [[247 232]]

 [[248 232]]

 [[249 232]]

 [[250 233]]

 [[249 234]]

 [[250 233]]

 [[251 233]]

 [[252 232]]

 [[253 232]]

 [[254 233]]

 [[253 234]]

 [[254 233]]

 [[255 233]]

 [[256 233]]

 [[257 233]]

 [[258 234]]

 [[258 235]]

 [[257 236]]

 [[256 236]]

 [[256 237]]

 [[256 238]]

 [[257 238]]

 [[258 238]]

 [[259 238]]

 [[260 238]]

 [[261 238]]

 [[262 238]]

 [[263 238]]

 [[264 238]]

 [[264 237]]

 [[263 237]]

 [[262 237]]

 [[261 238]]

 [[260 238]]

 [[259 237]]

 [[259 236]]

 [[259 235]]

 [[259 234]]

 [[258 233]]

 [[258 232]]

 [[258 231]]

 [[259 230]]

 [[260 231]]

 [[260 232]]

 [[261 232]]

 [[262 232]]

 [[263 232]]

 [[264 232]]

 [[265 232]]

 [[266 232]]

 [[267 232]]

 [[268 232]]

 [[269 232]]

 [[270 232]]

 [[271 232]]

 [[272 231]]

 [[273 232]]

 [[274 232]]

 [[275 232]]

 [[276 232]]

 [[277 232]]

 [[278 232]]

 [[279 232]]

 [[280 232]]

 [[281 232]]

 [[282 232]]

 [[283 232]]

 [[284 232]]

 [[285 232]]

 [[286 232]]

 [[287 232]]

 [[288 232]]

 [[289 232]]

 [[290 232]]

 [[291 232]]

 [[292 232]]

 [[293 232]]

 [[294 232]]

 [[295 232]]

 [[296 232]]

 [[297 232]]

 [[298 232]]

 [[299 232]]

 [[299 231]]

 [[299 230]]

 [[299 229]]

 [[299 228]]

 [[299 227]]

 [[299 226]]

 [[299 225]]

 [[299 224]]

 [[300 223]]

 [[299 222]]

 [[298 221]]

 [[298 220]]

 [[297 220]]

 [[296 220]]

 [[295 219]]

 [[296 218]]

 [[296 217]]

 [[296 216]]

 [[296 215]]

 [[297 214]]

 [[298 213]]

 [[299 213]]

 [[300 213]]

 [[301 213]]

 [[302 213]]

 [[303 214]]

 [[304 215]]

 [[305 214]]

 [[306 213]]

 [[307 213]]

 [[308 213]]

 [[309 214]]

 [[310 214]]

 [[311 214]]

 [[312 215]]

 [[312 214]]

 [[312 213]]

 [[312 212]]

 [[311 211]]

 [[311 210]]

 [[310 210]]

 [[309 210]]

 [[308 210]]

 [[307 210]]

 [[306 210]]

 [[305 210]]

 [[304 210]]]
[[[312  39]]

 [[312  40]]

 [[311  41]]

 [[311  42]]

 [[310  43]]

 [[309  43]]

 [[308  42]]

 [[307  41]]

 [[306  41]]

 [[305  41]]

 [[304  41]]

 [[303  42]]

 [[304  43]]

 [[305  43]]

 [[306  43]]

 [[307  43]]

 [[308  44]]

 [[309  45]]

 [[309  46]]

 [[309  47]]

 [[309  48]]

 [[309  49]]

 [[309  50]]

 [[309  51]]

 [[310  52]]

 [[309  53]]

 [[309  54]]

 [[308  55]]

 [[309  55]]

 [[310  56]]

 [[311  56]]

 [[312  55]]

 [[313  55]]

 [[314  56]]

 [[314  57]]

 [[315  57]]

 [[316  57]]

 [[317  56]]

 [[318  56]]

 [[319  56]]

 [[320  56]]

 [[321  55]]

 [[322  55]]

 [[323  55]]

 [[324  55]]

 [[325  54]]

 [[326  54]]

 [[327  55]]

 [[327  56]]

 [[327  57]]

 [[328  57]]

 [[329  57]]

 [[330  57]]

 [[331  57]]

 [[332  57]]

 [[333  57]]

 [[334  57]]

 [[335  56]]

 [[335  55]]

 [[335  54]]

 [[335  53]]

 [[334  52]]

 [[333  51]]

 [[332  51]]

 [[331  51]]

 [[330  52]]

 [[329  51]]

 [[328  50]]

 [[329  49]]

 [[330  48]]

 [[330  47]]

 [[329  46]]

 [[328  46]]

 [[327  46]]

 [[326  46]]

 [[325  45]]

 [[325  44]]

 [[325  43]]

 [[324  42]]

 [[323  41]]

 [[322  41]]

 [[321  40]]

 [[320  40]]

 [[319  40]]

 [[318  39]]

 [[317  39]]

 [[316  39]]

 [[315  39]]

 [[314  39]]

 [[313  39]]]
[[[ 28  86]]

 [[ 29  85]]

 [[ 30  85]]

 [[ 31  85]]

 [[ 32  85]]

 [[ 33  85]]

 [[ 34  85]]

 [[ 35  85]]

 [[ 36  85]]

 [[ 37  85]]

 [[ 38  85]]

 [[ 39  85]]

 [[ 40  85]]

 [[ 41  85]]

 [[ 42  85]]

 [[ 43  85]]

 [[ 44  86]]

 [[ 44  87]]

 [[ 44  88]]

 [[ 45  88]]

 [[ 46  89]]

 [[ 47  90]]

 [[ 48  91]]

 [[ 48  92]]

 [[ 49  93]]

 [[ 49  94]]

 [[ 49  95]]

 [[ 50  96]]

 [[ 50  97]]

 [[ 50  98]]

 [[ 50  99]]

 [[ 51 100]]

 [[ 51 101]]

 [[ 51 102]]

 [[ 52 103]]

 [[ 52 104]]

 [[ 52 105]]

 [[ 52 106]]

 [[ 53 107]]

 [[ 53 108]]

 [[ 53 109]]

 [[ 54 110]]

 [[ 54 111]]

 [[ 54 112]]

 [[ 55 113]]

 [[ 55 114]]

 [[ 55 115]]

 [[ 56 116]]

 [[ 56 117]]

 [[ 56 118]]

 [[ 56 119]]

 [[ 57 120]]

 [[ 57 121]]

 [[ 58 122]]

 [[ 58 123]]

 [[ 58 124]]

 [[ 59 125]]

 [[ 59 126]]

 [[ 59 127]]

 [[ 60 128]]

 [[ 60 129]]

 [[ 60 130]]

 [[ 60 131]]

 [[ 61 132]]

 [[ 61 133]]

 [[ 62 134]]

 [[ 62 135]]

 [[ 63 136]]

 [[ 63 137]]

 [[ 64 138]]

 [[ 64 139]]

 [[ 65 140]]

 [[ 65 141]]

 [[ 65 142]]

 [[ 66 143]]

 [[ 66 144]]

 [[ 67 145]]

 [[ 68 146]]

 [[ 68 147]]

 [[ 68 148]]

 [[ 69 149]]

 [[ 69 150]]

 [[ 69 151]]

 [[ 69 152]]

 [[ 69 153]]

 [[ 69 154]]

 [[ 69 155]]

 [[ 68 156]]

 [[ 67 157]]

 [[ 67 158]]

 [[ 66 159]]

 [[ 65 160]]

 [[ 64 161]]

 [[ 63 162]]

 [[ 62 162]]

 [[ 61 162]]

 [[ 60 163]]

 [[ 59 163]]

 [[ 58 163]]

 [[ 57 164]]

 [[ 57 165]]

 [[ 57 166]]

 [[ 56 167]]

 [[ 55 168]]

 [[ 54 168]]

 [[ 53 168]]

 [[ 52 169]]

 [[ 51 169]]

 [[ 50 170]]

 [[ 49 170]]

 [[ 48 170]]

 [[ 47 170]]

 [[ 46 171]]

 [[ 45 172]]

 [[ 44 172]]

 [[ 43 172]]

 [[ 42 172]]

 [[ 41 172]]

 [[ 40 172]]

 [[ 39 172]]

 [[ 38 172]]

 [[ 37 173]]

 [[ 36 174]]

 [[ 35 173]]

 [[ 34 173]]

 [[ 33 173]]

 [[ 32 173]]

 [[ 31 173]]

 [[ 30 173]]

 [[ 29 173]]

 [[ 28 173]]

 [[ 27 173]]

 [[ 26 172]]

 [[ 25 172]]

 [[ 24 171]]

 [[ 23 170]]

 [[ 22 169]]

 [[ 22 168]]

 [[ 21 167]]

 [[ 21 166]]

 [[ 21 165]]

 [[ 21 164]]

 [[ 21 163]]

 [[ 21 162]]

 [[ 20 161]]

 [[ 20 160]]

 [[ 20 159]]

 [[ 19 158]]

 [[ 19 157]]

 [[ 18 156]]

 [[ 18 155]]

 [[ 18 154]]

 [[ 18 153]]

 [[ 17 152]]

 [[ 17 151]]

 [[ 17 150]]

 [[ 17 149]]

 [[ 17 148]]

 [[ 16 147]]

 [[ 16 146]]

 [[ 16 145]]

 [[ 15 144]]

 [[ 15 143]]

 [[ 15 142]]

 [[ 14 141]]

 [[ 14 140]]

 [[ 14 139]]

 [[ 13 138]]

 [[ 13 137]]

 [[ 13 136]]

 [[ 12 135]]

 [[ 12 134]]

 [[ 11 133]]

 [[ 11 132]]

 [[ 11 131]]

 [[ 11 130]]

 [[ 10 129]]

 [[ 10 128]]

 [[  9 127]]

 [[  9 126]]

 [[  9 125]]

 [[  8 124]]

 [[  8 123]]

 [[  7 122]]

 [[  7 121]]

 [[  7 120]]

 [[  7 119]]

 [[  7 118]]

 [[  6 117]]

 [[  6 116]]

 [[  5 115]]

 [[  5 114]]

 [[  5 113]]

 [[  5 112]]

 [[  4 111]]

 [[  4 110]]

 [[  4 109]]

 [[  3 108]]

 [[  3 107]]

 [[  3 106]]

 [[  2 105]]

 [[  2 104]]

 [[  2 103]]

 [[  2 102]]

 [[  3 101]]

 [[  3 100]]

 [[  3  99]]

 [[  4  98]]

 [[  4  97]]

 [[  5  96]]

 [[  6  95]]

 [[  7  94]]

 [[  8  94]]

 [[  9  93]]

 [[ 10  93]]

 [[ 11  92]]

 [[ 12  92]]

 [[ 13  91]]

 [[ 14  91]]

 [[ 15  90]]

 [[ 16  90]]

 [[ 17  89]]

 [[ 18  89]]

 [[ 19  89]]

 [[ 20  88]]

 [[ 21  88]]

 [[ 22  88]]

 [[ 23  87]]

 [[ 24  87]]

 [[ 25  87]]

 [[ 26  86]]

 [[ 27  86]]]
[[[130  22]]

 [[131  21]]

 [[132  21]]

 [[133  21]]

 [[134  21]]

 [[135  21]]

 [[136  21]]

 [[137  21]]

 [[138  21]]

 [[139  21]]

 [[140  22]]

 [[141  23]]

 [[141  24]]

 [[142  25]]

 [[142  26]]

 [[142  27]]

 [[142  28]]

 [[142  29]]

 [[142  30]]

 [[142  31]]

 [[142  32]]

 [[143  33]]

 [[143  34]]

 [[143  35]]

 [[143  36]]

 [[143  37]]

 [[143  38]]

 [[143  39]]

 [[143  40]]

 [[144  41]]

 [[144  42]]

 [[144  43]]

 [[144  44]]

 [[144  45]]

 [[144  46]]

 [[143  47]]

 [[142  47]]

 [[141  47]]

 [[140  47]]

 [[139  47]]

 [[138  48]]

 [[137  48]]

 [[136  48]]

 [[135  48]]

 [[134  48]]

 [[133  48]]

 [[132  48]]

 [[131  48]]

 [[130  48]]

 [[129  48]]

 [[128  47]]

 [[127  46]]

 [[126  45]]

 [[126  44]]

 [[127  43]]

 [[127  42]]

 [[127  41]]

 [[127  40]]

 [[127  39]]

 [[126  38]]

 [[126  37]]

 [[126  36]]

 [[125  35]]

 [[125  34]]

 [[124  33]]

 [[124  32]]

 [[124  31]]

 [[124  30]]

 [[125  29]]

 [[125  28]]

 [[125  27]]

 [[125  26]]

 [[126  25]]

 [[126  24]]

 [[127  23]]

 [[128  22]]

 [[129  22]]]
[[[348  30]]

 [[349  29]]

 [[350  30]]

 [[351  30]]

 [[352  30]]

 [[353  31]]

 [[354  32]]

 [[355  33]]

 [[355  34]]

 [[356  35]]

 [[356  36]]

 [[357  37]]

 [[357  38]]

 [[356  39]]

 [[355  40]]

 [[355  41]]

 [[355  42]]

 [[355  43]]

 [[355  44]]

 [[354  45]]

 [[353  46]]

 [[353  47]]

 [[353  48]]

 [[352  49]]

 [[352  50]]

 [[351  51]]

 [[350  51]]

 [[349  51]]

 [[348  51]]

 [[347  51]]

 [[346  51]]

 [[345  51]]

 [[344  51]]

 [[343  50]]

 [[342  50]]

 [[341  49]]

 [[340  48]]

 [[339  47]]

 [[339  46]]

 [[339  45]]

 [[339  44]]

 [[339  43]]

 [[339  42]]

 [[339  41]]

 [[340  40]]

 [[341  40]]

 [[342  40]]

 [[343  39]]

 [[343  38]]

 [[343  37]]

 [[342  37]]

 [[341  36]]

 [[340  37]]

 [[339  38]]

 [[338  39]]

 [[337  39]]

 [[337  40]]

 [[337  41]]

 [[337  42]]

 [[337  43]]

 [[337  44]]

 [[336  45]]

 [[335  45]]

 [[334  44]]

 [[333  43]]

 [[333  42]]

 [[333  41]]

 [[333  40]]

 [[334  39]]

 [[334  38]]

 [[334  37]]

 [[334  36]]

 [[335  35]]

 [[336  34]]

 [[337  33]]

 [[338  32]]

 [[339  31]]

 [[340  31]]

 [[341  31]]

 [[342  32]]

 [[342  33]]

 [[342  34]]

 [[343  35]]

 [[344  35]]

 [[345  36]]

 [[345  37]]

 [[345  38]]

 [[346  39]]

 [[347  39]]

 [[348  39]]

 [[349  39]]

 [[350  40]]

 [[350  41]]

 [[350  40]]

 [[350  39]]

 [[351  38]]

 [[352  39]]

 [[353  39]]

 [[352  38]]

 [[352  37]]

 [[352  36]]

 [[351  36]]

 [[350  36]]

 [[349  35]]

 [[348  35]]

 [[347  35]]

 [[346  35]]

 [[345  34]]

 [[346  33]]

 [[346  32]]

 [[347  31]]]
[[[356  14]]

 [[357  13]]

 [[358  13]]

 [[359  13]]

 [[360  13]]

 [[361  13]]

 [[362  14]]

 [[363  14]]

 [[364  14]]

 [[365  14]]

 [[366  14]]

 [[367  14]]

 [[368  15]]

 [[369  16]]

 [[369  17]]

 [[368  18]]

 [[367  18]]

 [[366  18]]

 [[365  19]]

 [[366  20]]

 [[366  21]]

 [[367  22]]

 [[368  22]]

 [[369  23]]

 [[370  23]]

 [[371  23]]

 [[372  24]]

 [[372  23]]

 [[373  22]]

 [[374  21]]

 [[375  21]]

 [[376  22]]

 [[376  23]]

 [[377  24]]

 [[376  25]]

 [[377  25]]

 [[378  26]]

 [[377  27]]

 [[378  28]]

 [[377  29]]

 [[376  30]]

 [[375  30]]

 [[374  30]]

 [[373  30]]

 [[372  30]]

 [[371  30]]

 [[370  29]]

 [[369  30]]

 [[368  31]]

 [[367  31]]

 [[366  32]]

 [[365  33]]

 [[365  34]]

 [[364  35]]

 [[364  36]]

 [[364  37]]

 [[364  38]]

 [[364  39]]

 [[364  40]]

 [[364  41]]

 [[365  42]]

 [[366  43]]

 [[365  44]]

 [[364  45]]

 [[363  45]]

 [[362  44]]

 [[361  44]]

 [[360  44]]

 [[359  45]]

 [[358  44]]

 [[358  43]]

 [[357  42]]

 [[358  41]]

 [[358  40]]

 [[358  39]]

 [[358  38]]

 [[358  37]]

 [[357  36]]

 [[357  35]]

 [[356  34]]

 [[355  33]]

 [[355  32]]

 [[354  31]]

 [[353  30]]

 [[352  29]]

 [[352  28]]

 [[352  27]]

 [[352  26]]

 [[352  25]]

 [[351  24]]

 [[351  23]]

 [[352  22]]

 [[353  21]]

 [[353  20]]

 [[354  19]]

 [[355  19]]

 [[356  18]]

 [[357  18]]

 [[358  18]]

 [[358  17]]

 [[357  16]]

 [[356  15]]]
